version https://git-lfs.github.com/spec/v1
oid sha256:f43419df4993e574f3c0bf346d2631b2adf66fb2b8988a511740d40fd6b9d57e
size 7821
