version https://git-lfs.github.com/spec/v1
oid sha256:94c3aaf0c4c54d88aaddfe5f99c72942284989373ffec7058b5de2f9ddb17f0f
size 8347
