version https://git-lfs.github.com/spec/v1
oid sha256:deab3880f6556c102d353364feaeeb515907ed23af343e65b5195009372bb73c
size 8008
