version https://git-lfs.github.com/spec/v1
oid sha256:3da8f71ca4efa5853c3b8f8ec6796d78645eab3d5b058c753470d2328e0e2ff1
size 8033
