version https://git-lfs.github.com/spec/v1
oid sha256:d6b3a6ecf4b5b029f2fef763b45a2c89a00be4800f6204c73af6140d9d133109
size 4821
