version https://git-lfs.github.com/spec/v1
oid sha256:8f947dec558e46db6f1e3ef4d0990389e3743c49fc31f9e51646faa267337519
size 7590
