version https://git-lfs.github.com/spec/v1
oid sha256:9383d21d834e11b0a2a07aa4ee8a9e22742956cb05689b015cb53c645b38e54d
size 4823
