version https://git-lfs.github.com/spec/v1
oid sha256:29caf59a253eaa34448b45093cbcbadbbca4f013c30b714bfd8c6050a9c12f75
size 5793
