version https://git-lfs.github.com/spec/v1
oid sha256:1192ba1b8750d1a58a239b8ef5b7df3df103e18ce8fef9ff5afc733e86f45e38
size 3879
