version https://git-lfs.github.com/spec/v1
oid sha256:624235ffc4d53b01b85b7c338825988592566368032e6c803f17568b0a4487d3
size 2185
