version https://git-lfs.github.com/spec/v1
oid sha256:594e3b69de43d2c871719af651e8d4d4a086668a890ea0187e8bf31aa1939bde
size 2941
