version https://git-lfs.github.com/spec/v1
oid sha256:1a78c81705a36ec9d87c9bf10608ddd373c390af8e0ed0af4ff2a07d57c71f76
size 3808
