version https://git-lfs.github.com/spec/v1
oid sha256:b4501533bdf6edc70584c152ebba0b817ce00b677caafaa7204400cd41bbeeb6
size 5339
