version https://git-lfs.github.com/spec/v1
oid sha256:edfc8332500abb03667a864b5a06660f8540bee9cc29c8e076b267a3736b076b
size 2945
