version https://git-lfs.github.com/spec/v1
oid sha256:56b5d8894310db450e22db965a71ef918edd286a0dc90f6094ee2ca1e6d16c4b
size 3901
